# Created by Octave 4.2.1, Thu May 03 13:32:43 2018 -04 <rodri@RodrisMacAir.local>
# name: pics
# type: matrix
# rows: 1
# columns: 4
 1407 609 1261 727


